---
build/assets/images/atomium_only-51c8933e.svg: 2016-07-10 12:03:49.000000000 +02:00
build/assets/images/boris-0c134bfb.jpeg: 2016-07-10 12:03:49.000000000 +02:00
build/assets/images/brug/brug-1-82c7849c.jpg: 2016-07-10 12:03:49.000000000 +02:00
build/assets/images/brug/brug-2-20c3b8d3.jpg: 2016-07-10 12:03:49.000000000 +02:00
build/assets/images/brug-f33e8118.jpg: 2016-07-10 12:03:49.000000000 +02:00
build/assets/images/brug-icon-1a300318.png: 2016-07-10 12:03:49.000000000 +02:00
build/assets/images/brug@2x-78c84109.jpg: 2016-07-10 12:03:49.000000000 +02:00
build/assets/images/joren-6269e4d8.jpeg: 2016-07-10 12:03:49.000000000 +02:00
build/assets/images/lien-980c9f45.jpg: 2016-07-10 12:03:49.000000000 +02:00
build/assets/images/logo-447fe21a.svg: 2016-07-10 12:03:49.000000000 +02:00
build/assets/images/logo_red-cfed715f.svg: 2016-07-10 12:03:49.000000000 +02:00
build/assets/images/map-image-14192e7a.png: 2016-07-10 12:03:55.000000000 +02:00
build/assets/images/oana-b580bf44.jpg: 2016-07-10 12:03:49.000000000 +02:00
build/assets/images/rails-girls/railsgirls-logo-70d219cc.png: 2016-07-10 12:03:49.000000000
  +02:00
build/assets/images/rails-girls/railsgirls1-16f0bf07.jpg: 2016-07-10 12:03:49.000000000
  +02:00
build/assets/images/rails-girls/railsgirls2-7a5a5a02.jpg: 2016-07-10 12:03:49.000000000
  +02:00
build/assets/images/rails-girls/railsgirls3-4a27c01f.jpg: 2016-07-10 12:03:49.000000000
  +02:00
build/assets/images/railsgirls-16f0bf07.jpg: 2016-07-10 12:03:49.000000000 +02:00
build/assets/images/railsgirls@2x-7080a436.jpg: 2016-07-10 12:03:49.000000000 +02:00
build/assets/images/ruby-ecc3a010.svg: 2016-07-10 12:03:50.000000000 +02:00
build/assets/images/rubyburgers-7f377b5e.jpg: 2016-07-10 12:03:49.000000000 +02:00
build/assets/images/rubyburgers-icon-34bbaafd.png: 2016-07-10 12:03:50.000000000 +02:00
build/assets/images/rubyburgers@2x-9c240d3e.jpg: 2016-07-10 12:03:50.000000000 +02:00
build/assets/images/rubycamp-3e31e20e.jpg: 2016-07-10 12:03:50.000000000 +02:00
build/assets/images/rubycamp@2x-683d9009.jpg: 2016-07-10 12:03:50.000000000 +02:00
build/assets/images/rubyjobs-6fa164db.jpg: 2016-07-10 12:03:50.000000000 +02:00
build/assets/images/rubyjobs@2x-ec44febf.jpg: 2016-07-10 12:03:50.000000000 +02:00
build/assets/images/silvana-aab5506c.jpg: 2016-07-10 12:03:50.000000000 +02:00
build/assets/images/slack-cb8e93e5.jpg: 2016-07-10 12:03:50.000000000 +02:00
build/assets/images/slack@2x-78faac22.jpg: 2016-07-10 12:03:50.000000000 +02:00
build/assets/images/toch-0d8ceaa7.jpeg: 2016-07-10 12:03:50.000000000 +02:00
build/fonts/bootstrap/glyphicons-halflings-regular-de51a849.svg: 2016-07-10 12:03:50.000000000
  +02:00
build/fonts/font-awesome/fontawesome-webfont-2b3c8ba7.svg: 2016-07-10 12:03:50.000000000
  +02:00
